23 0.5 0.5 1 1
12 0.13203125 0.1296875 0.11640625 0.24140625
21 0.14296875 0.5234375 0.2109375 0.38828125
17 0.4015625 0.39296875 0.25546875 0.14375
2 0.51953125 0.51796875 0.47578125 0.06484375
3 0.334375 0.59296875 0.10546875 0.06171875
13 0.48203125 0.78984375 0.409375 0.09140625
4 0.86796875 0.68203125 0.20546875 0.2703125
15 0.01796875 0.5515625 0.028125 0.5265625
16 0.896875 0.1703125 0.11328125 0.18203125
8 0.6359375 0.16015625 0.11640625 0.09140625
8 0.43984375 0.09296875 0.0984375 0.06796875