23 0.5 0.5 1 1
21 0.13984375 0.51953125 0.21953125 0.3765625
17 0.39296875 0.3890625 0.24140625 0.15703125
2 0.51171875 0.50859375 0.47734375 0.071875
3 0.34765625 0.578125 0.1484375 0.0640625
12 0.13203125 0.11796875 0.1015625 0.2171875
16 0.87421875 0.10859375 0.0671875 0.15078125
8 0.63828125 0.16796875 0.1046875 0.0640625
8 0.4375 0.09765625 0.08359375 0.06953125
4 0.86328125 0.67890625 0.2078125 0.28984375
13 0.4859375 0.790625 0.39453125 0.08359375
15 0.01640625 0.52421875 0.03203125 0.53359375