23 0.5015625 0.5 0.996875 1
12 0.1421875 0.128125 0.1328125 0.22265625
8 0.44140625 0.090625 0.10625 0.0796875
8 0.64765625 0.16640625 0.13125 0.06640625
15 0.01484375 0.5515625 0.0234375 0.459375
21 0.14140625 0.52734375 0.225 0.41015625
17 0.40546875 0.3921875 0.24375 0.14921875
2 0.51953125 0.5171875 0.47734375 0.05390625
3 0.35234375 0.59296875 0.14140625 0.06328125
13 0.4984375 0.80234375 0.44609375 0.1046875
16 0.87890625 0.1515625 0.1703125 0.1765625
4 0.86796875 0.68203125 0.21484375 0.275