23 0.5 0.5171875 1 0.965625
12 0.13046875 0.15 0.16953125 0.24375
8 0.43984375 0.0984375 0.09296875 0.07421875
8 0.64140625 0.17734375 0.1265625 0.0640625
16 0.88671875 0.14609375 0.13203125 0.1359375
15 0.015625 0.57578125 0.0234375 0.49453125
21 0.14296875 0.5234375 0.23046875 0.39453125
17 0.40859375 0.39609375 0.26640625 0.15703125
2 0.51484375 0.5171875 0.478125 0.0765625
3 0.34375 0.59375 0.14765625 0.07265625
4 0.86796875 0.68671875 0.221875 0.296875
13 0.48828125 0.7921875 0.415625 0.0921875